E_0: 0.907803475856781
L_0: 0.5087352991104126
P_0: 0.6063292622566223
M_s_0: 0.28961271047592163
M_e_0: 0.462847501039505
M_i_0: 1.7888493537902832
H_s_0: 0.7924792170524597
H_e_0: 4.596820831298828
H_i_0: 1.2510571479797363
H_r_0: 0.7562174797058105
C: 0.3488394320011139
sigma: 0.14040113985538483
gamma: 0.4566571116447449
mu_H: 0.00039999998989515007
beta_M: 0.22480234503746033
beta_H: 0.8878598213195801
theta_M: 1.0916976928710938
theta_H: 3.207463502883911
alpha_b: 1.0308946371078491
alpha_E: 0.5158898234367371
alpha_L: 0.7490894198417664
alpha_P: 0.33097806572914124
a_b: 0.6401677131652832
a_E: 0.8409517407417297
a_L: 0.040580201894044876
a_P: 0.6567367911338806
c_E: 0.8146316409111023
c_L: 0.8742578029632568
c_P: 0.19945751130580902
c_M: 0.08642350882291794
d_E: 0.7794970273971558
d_L: 0.6159940958023071
d_P: 0.7631133198738098
d_M: 0.4787212908267975
T_b_max: 0.18511423468589783
T_E_max: 0.5768301486968994
T_L_max: 0.3545592427253723
T_P_max: 0.021228648722171783
T_E_min: 0.8183034062385559
T_L_min: 1.1633756160736084
T_P_min: 0.9145837426185608
T_M_min: 1.1206190586090088
R_b: 0.8789490461349487
R_E: 0.1751379668712616
R_L: 0.8736114501953125
R_P: 0.016629131510853767
r_b: 0.8540247678756714
r_E: 0.29980674386024475
r_L: 1.201621651649475
r_P: 0.4560573399066925
s_b: 0.9000211954116821
s_E: 2.0014994144439697
s_L: 1.201324462890625
s_P: 1.3710570335388184
e_E: 0.47295522689819336
e_L: 0.34444230794906616
e_P: 0.1158871278166771
