E_0: 0.08896245062351227
L_0: 0.07400446385145187
P_0: 0.09992677718400955
M_s_0: 1.2520685195922852
M_e_0: 0.3723795711994171
M_i_0: 0.7526546120643616
H_s_0: 1.07363760471344
H_e_0: 5.774775981903076
H_i_0: 0.539772629737854
H_r_0: 0.5532325506210327
C: 0.07977309077978134
sigma: 0.24167174100875854
gamma: 0.015815801918506622
mu_H: 0.00039999998989515007
beta_M: 0.24910691380500793
beta_H: 1.3471757173538208
theta_M: 0.4826977849006653
theta_H: 3.4522745609283447
alpha_b: 0.3602796494960785
alpha_E: 0.1894664764404297
alpha_L: 0.44055527448654175
alpha_P: 0.13249611854553223
a_b: 0.17608791589736938
a_E: 1.3043955564498901
a_L: 0.7453049421310425
a_P: 0.8135401606559753
c_E: 0.5242776870727539
c_L: 1.5233076810836792
c_P: 1.4831509590148926
c_M: 1.0089423656463623
d_E: 0.5571322441101074
d_L: 0.2601639926433563
d_P: 0.06292729079723358
d_M: 1.0208429098129272
T_b_max: 1.2250999212265015
T_E_max: 0.15511120855808258
T_L_max: 0.6257684230804443
T_P_max: 0.24892465770244598
T_E_min: 0.22287362813949585
T_L_min: 0.09947130084037781
T_P_min: 0.9637811183929443
T_M_min: 0.02214803546667099
R_b: 0.4624525308609009
R_E: 0.7257696986198425
R_L: 0.763087809085846
R_P: 1.1727746725082397
r_b: 0.26802363991737366
r_E: 1.837575078010559
r_L: 0.22480611503124237
r_P: 0.22745013236999512
s_b: 0.17502810060977936
s_E: 0.7043783664703369
s_L: 0.36737269163131714
s_P: 0.26806920766830444
e_E: 0.11623876541852951
e_L: 0.188085675239563
e_P: 0.4970690906047821
