C: 0.6336488127708435
E_0: 0.17879903316497803
H_e_0: 3.5992491245269775
H_i_0: 0.3739769160747528
H_r_0: 0.5104953050613403
H_s_0: 1.8942536115646362
L_0: 0.3423363268375397
M_e_0: 1.090423345565796
M_i_0: 2.00068736076355
M_s_0: 0.31625688076019287
P_0: 0.16686195135116577
R_E: 15.0
R_L: 15.0
R_P: 0.34570860862731934
R_b: 10.0
T_E_max: 22.0
T_E_min: 20.0
T_L_max: 22.0
T_L_min: 20.0
T_M_min: 28.0
T_P_max: 22.0
T_P_min: 20.0
T_b_max: 27.0
a_E: 0.3652171492576599
a_L: 1.1371933221817017
a_P: 0.33978766202926636
a_b: 0.8303866982460022
alpha_E: 0.2770189046859741
alpha_L: 0.6090097427368164
alpha_P: 0.10634195059537888
alpha_b: 0.30545711517333984
beta_H: 2.098489284515381
beta_M: 0.6069723963737488
c_E: 0.001973126782104373
c_L: 0.2781376540660858
c_M: 0.35134071111679077
c_P: 2.0329432487487793
d_E: 1.2053658962249756
d_L: 0.4886338710784912
d_M: 0.8854406476020813
d_P: 0.37160345911979675
e_E: 0.7085695266723633
e_L: 1.1481610536575317
e_P: 0.7176483273506165
gamma: 0.3393310010433197
mu_H: 0.00039999998989515007
r_E: 0.3792055547237396
r_L: 0.6249827146530151
r_P: 1.5788041353225708
r_b: 0.4906749725341797
s_E: 0.11639516055583954
s_L: 0.5181976556777954
s_P: 0.7623127698898315
s_b: 1.2084050178527832
sigma: 0.2953665554523468
theta_H: 2.9859232902526855
theta_M: 1.1435538530349731
