C: 1.0385569334030151
E_0: 1.1658859252929688
H_e_0: 5.653291702270508
H_i_0: 0.07243647426366806
H_r_0: 0.037574753165245056
H_s_0: 1.6153461933135986
L_0: 0.06758113950490952
M_e_0: 0.8329611420631409
M_i_0: 0.9775162935256958
M_s_0: 0.147294819355011
P_0: 0.06318014860153198
R_E: 0.8738499879837036
R_L: 0.15150867402553558
R_P: 0.26661479473114014
R_b: 0.8757271766662598
T_E_max: 0.4775395095348358
T_E_min: 0.9059645533561707
T_L_max: 0.8407593965530396
T_L_min: 0.35681581497192383
T_M_min: 0.9699385166168213
T_P_max: 0.71906977891922
T_P_min: 0.4510127007961273
T_b_max: 0.933830201625824
a_E: 0.260046124458313
a_L: 0.343919038772583
a_P: 0.7012847661972046
a_b: 0.07861588150262833
alpha_E: 0.40639013051986694
alpha_L: 0.258820116519928
alpha_P: 0.11096440255641937
alpha_b: 1.125931739807129
beta_H: 0.21112942695617676
beta_M: 0.8156722187995911
c_E: 1.0082802772521973
c_L: 0.7282549142837524
c_M: 1.1054915189743042
c_P: 0.05882105231285095
d_E: 0.4672977030277252
d_L: 1.0088361501693726
d_M: 0.9874600768089294
d_P: 0.4459717273712158
e_E: 0.2857423722743988
e_L: 0.978969156742096
e_P: 0.42316532135009766
gamma: 0.005104317329823971
mu_H: 0.00039999998989515007
r_E: 0.7769548296928406
r_L: 0.590488851070404
r_P: 1.4800838232040405
r_b: 0.3890843391418457
s_E: 0.9230058193206787
s_L: 0.6600198745727539
s_P: 0.8487077951431274
s_b: 0.11043637245893478
sigma: 0.3311816453933716
theta_H: 3.115107297897339
theta_M: 0.04407776892185211
