E_0: 0.4395713210105896
L_0: 0.9232411980628967
P_0: 0.5252713561058044
M_s_0: 0.9263980388641357
M_e_0: 0.43937554955482483
M_i_0: 0.02560514397919178
H_s_0: 1.66733717918396
H_e_0: 5.43343448638916
H_i_0: 0.5277469158172607
H_r_0: 0.0068793934769928455
C: 0.7861963510513306
sigma: 0.937946081161499
gamma: 0.5932574272155762
mu_H: 0.00039999998989515007
beta_M: 0.2952370047569275
beta_H: 2.1980528831481934
theta_M: 0.7546729445457458
theta_H: 3.2840099334716797
alpha_b: 1.2027217149734497
alpha_E: 0.4654116928577423
alpha_L: 0.3371207118034363
alpha_P: 0.2380562573671341
a_b: 0.23346245288848877
a_E: 0.5597466230392456
a_L: 0.8676592707633972
a_P: 0.2903766930103302
c_E: 0.7716885209083557
c_L: 1.5141397714614868
c_P: 0.16969913244247437
c_M: 0.004969411063939333
d_E: 0.8081384301185608
d_L: 0.8705082535743713
d_P: 0.14139780402183533
d_M: 0.21546974778175354
T_b_max: 1.366698980331421
T_E_max: 0.1582779437303543
T_L_max: 0.5366378426551819
T_P_max: 1.3097953796386719
T_E_min: 0.29077911376953125
T_L_min: 0.4603753387928009
T_P_min: 0.6992197036743164
T_M_min: 0.6337341070175171
R_b: 0.302186518907547
R_E: 0.30898138880729675
R_L: 0.267162024974823
R_P: 0.42627716064453125
r_b: 0.567933201789856
r_E: 0.993520975112915
r_L: 0.6992265582084656
r_P: 0.4512839913368225
s_b: 1.1059901714324951
s_E: 0.09441877156496048
s_L: 0.47560349106788635
s_P: 0.32221195101737976
e_E: 0.5509385466575623
e_L: 0.7279024124145508
e_P: 0.05000622570514679
