E_0: 0.43884092569351196
L_0: 0.30257871747016907
P_0: 0.11634168028831482
M_s_0: 0.8658406138420105
M_e_0: 0.6295589804649353
M_i_0: 0.6305147409439087
H_s_0: 0.4999261200428009
H_e_0: 5.762323379516602
H_i_0: 1.2654811143875122
H_r_0: 0.2727220058441162
C: 0.9706224203109741
sigma: 0.13407288491725922
gamma: 0.10880450159311295
mu_H: 0.00039999998989515007
beta_M: 0.25141021609306335
beta_H: 1.1055691242218018
theta_M: 1.0510424375534058
theta_H: 1.5646473169326782
alpha_b: 0.5783063173294067
alpha_E: 0.7935245037078857
alpha_L: 0.8126292824745178
alpha_P: 0.8508760929107666
a_b: 1.5551613569259644
a_E: 0.671186625957489
a_L: 0.7079388499259949
a_P: 1.0303375720977783
c_E: 0.15434955060482025
c_L: 0.3885016441345215
c_P: 0.739044725894928
c_M: 1.1482782363891602
d_E: 0.3254607915878296
d_L: 1.1333045959472656
d_P: 1.5583267211914062
d_M: 0.9700509905815125
T_b_max: 0.4131571650505066
T_E_max: 0.5858893394470215
T_L_max: 0.3131096363067627
T_P_max: 0.27826762199401855
T_E_min: 0.1965217888355255
T_L_min: 1.5016684532165527
T_P_min: 0.053937990218400955
T_M_min: 0.3704134225845337
R_b: 0.4675663411617279
R_E: 1.1797305345535278
R_L: 0.450886607170105
R_P: 1.4723221063613892
r_b: 0.5535497665405273
r_E: 0.6158398389816284
r_L: 0.9205487370491028
r_P: 0.9476321935653687
s_b: 0.23319119215011597
s_E: 0.5139644145965576
s_L: 0.6811599135398865
s_P: 0.43467020988464355
e_E: 0.32682591676712036
e_L: 0.22615711390972137
e_P: 1.468529462814331
