C: 1.3294765949249268
E_0: 1.0757347345352173
H_e_0: 5.651506423950195
H_i_0: 0.3967679738998413
H_r_0: 0.5677911043167114
H_s_0: 0.9077396392822266
L_0: 0.22993552684783936
M_e_0: 0.38875406980514526
M_i_0: 0.6975653171539307
M_s_0: 0.0006917676655575633
P_0: 0.1632397174835205
R_E: 1.0107656717300415
R_L: 0.2581842541694641
R_P: 0.6251678466796875
R_b: 1.025602102279663
T_E_max: 0.38570457696914673
T_E_min: 0.994656503200531
T_L_max: 1.5345935821533203
T_L_min: 0.15390777587890625
T_M_min: 0.8309812545776367
T_P_max: 1.194365382194519
T_P_min: 0.7656469941139221
T_b_max: 0.46873924136161804
a_E: 0.19304974377155304
a_L: 0.8075644373893738
a_P: 0.9739068150520325
a_b: 0.33501574397087097
alpha_E: 0.24396401643753052
alpha_L: 0.17890731990337372
alpha_P: 0.5574002861976624
alpha_b: 1.7550137042999268
beta_H: 0.7698359489440918
beta_M: 0.7064847946166992
c_E: 1.1781314611434937
c_L: 0.16303326189517975
c_M: 0.10243740677833557
c_P: 0.3430115878582001
d_E: 0.5766562223434448
d_L: 0.6737843155860901
d_M: 1.0994001626968384
d_P: 0.04141402617096901
e_E: 0.19798514246940613
e_L: 0.5487251877784729
e_P: 0.30623313784599304
gamma: 0.7342064380645752
mu_H: 0.00039999998989515007
r_E: 0.9844520092010498
r_L: 0.1428031027317047
r_P: 1.2050095796585083
r_b: 0.7305678129196167
s_E: 0.9581789970397949
s_L: 0.26578572392463684
s_P: 0.8606648445129395
s_b: 0.6676732301712036
sigma: 0.4947643578052521
theta_H: 1.5842880010604858
theta_M: 0.22400261461734772
