E_0: 0.05152343958616257
L_0: 0.6863359808921814
P_0: 0.6442487239837646
M_s_0: 0.3715054392814636
M_e_0: 0.7464302778244019
M_i_0: 1.5281184911727905
H_s_0: 2.025449752807617
H_e_0: 4.207005500793457
H_i_0: 0.5415409207344055
H_r_0: 0.7895658612251282
C: 0.49808022379875183
sigma: 0.18864339590072632
gamma: 0.7543765902519226
mu_H: 0.00039999998989515007
beta_M: 1.0005929470062256
beta_H: 0.3938808739185333
theta_M: 0.3694263994693756
theta_H: 3.6173782348632812
alpha_b: 0.06664040684700012
alpha_E: 0.8724390268325806
alpha_L: 0.1391446888446808
alpha_P: 0.8805867433547974
a_b: 0.8043850064277649
a_E: 0.7626630663871765
a_L: 1.4465967416763306
a_P: 0.49993377923965454
c_E: 0.10133382678031921
c_L: 1.315067172050476
c_P: 1.2686594724655151
c_M: 0.03449393808841705
d_E: 0.46123528480529785
d_L: 0.23102723062038422
d_P: 1.3384755849838257
d_M: 0.607647180557251
T_b_max: 0.23394550383090973
T_E_max: 0.35435810685157776
T_L_max: 0.42410650849342346
T_P_max: 0.7206043601036072
T_E_min: 0.10576388984918594
T_L_min: 0.3345026671886444
T_P_min: 0.07311728596687317
T_M_min: 0.837175726890564
R_b: 0.413872092962265
R_E: 0.7307053804397583
R_L: 1.662549614906311
R_P: 0.3354571461677551
r_b: 0.17769616842269897
r_E: 0.6611127853393555
r_L: 1.443558931350708
r_P: 2.1536812782287598
s_b: 1.2554877996444702
s_E: 0.5394801497459412
s_L: 0.7274951934814453
s_P: 0.024525998160243034
e_E: 0.43416157364845276
e_L: 0.22143396735191345
e_P: 0.5079917311668396
