C: 0.8472377061843872
E_0: 0.673214316368103
H_e_0: 4.826746463775635
H_i_0: 0.34492945671081543
H_r_0: 0.9176391363143921
H_s_0: 1.4948810338974
L_0: 0.09108800441026688
M_e_0: 0.5463384985923767
M_i_0: 0.5182764530181885
M_s_0: 0.5217471718788147
P_0: 0.7205480337142944
R_E: 0.5414890050888062
R_L: 0.7929450273513794
R_P: 0.3784450888633728
R_b: 0.8649234175682068
T_E_max: 0.4162425100803375
T_E_min: 0.865308403968811
T_L_max: 1.4073537588119507
T_L_min: 0.05908524617552757
T_M_min: 1.3747212886810303
T_P_max: 0.5097801685333252
T_P_min: 1.185052752494812
T_b_max: 1.0578067302703857
a_E: 0.02224940061569214
a_L: 0.7089502811431885
a_P: 0.7665572762489319
a_b: 0.6525821685791016
alpha_E: 0.13798697292804718
alpha_L: 0.10543371737003326
alpha_P: 0.4885108470916748
alpha_b: 1.189826488494873
beta_H: 0.2550673186779022
beta_M: 0.7464588284492493
c_E: 1.1391057968139648
c_L: 0.3488575518131256
c_M: 0.14638930559158325
c_P: 0.4819747507572174
d_E: 0.8836945295333862
d_L: 1.2841029167175293
d_M: 1.4637459516525269
d_P: 0.5680796504020691
e_E: 0.38376373052597046
e_L: 1.188157320022583
e_P: 0.38926586508750916
gamma: 1.2222864627838135
mu_H: 0.00039999998989515007
r_E: 1.05361807346344
r_L: 0.3875137269496918
r_P: 1.0391881465911865
r_b: 1.0740429162979126
s_E: 0.9438314437866211
s_L: 0.7378817200660706
s_P: 1.1279923915863037
s_b: 0.7574372291564941
sigma: 0.3001752495765686
theta_H: 2.1854588985443115
theta_M: 0.2720968723297119
