E_0: 0.648298978805542
L_0: 0.11596628278493881
P_0: 0.34166887402534485
M_s_0: 0.520864725112915
M_e_0: 0.043653443455696106
M_i_0: 0.3490403890609741
H_s_0: 1.198062539100647
H_e_0: 4.752314567565918
H_i_0: 0.3892582952976227
H_r_0: 1.2243826389312744
C: 0.8454464673995972
sigma: 0.33317866921424866
gamma: 1.0991721153259277
mu_H: 0.00039999998989515007
beta_M: 1.233355164527893
beta_H: 0.48880764842033386
theta_M: 0.6934427618980408
theta_H: 2.2772412300109863
alpha_b: 0.9676880836486816
alpha_E: 0.1001904085278511
alpha_L: 0.1407759040594101
alpha_P: 0.3561466336250305
a_b: 0.6788355708122253
a_E: 0.2059316486120224
a_L: 0.4053650200366974
a_P: 0.4367874264717102
c_E: 1.3611383438110352
c_L: 0.6808745861053467
c_P: 0.6313961744308472
c_M: 0.09524257481098175
d_E: 0.910090982913971
d_L: 1.1939448118209839
d_P: 0.2991069555282593
d_M: 1.4918861389160156
T_b_max: 1.1035171747207642
T_E_max: 0.10590609163045883
T_L_max: 1.0067722797393799
T_P_max: 0.2547423243522644
T_E_min: 1.305721640586853
T_L_min: 0.033269062638282776
T_P_min: 0.9818280339241028
T_M_min: 1.3902934789657593
R_b: 1.1371349096298218
R_E: 0.13525031507015228
R_L: 0.9689434170722961
R_P: 0.01598692126572132
r_b: 1.1316708326339722
r_E: 1.0689383745193481
r_L: 0.19201795756816864
r_P: 0.8854255676269531
s_b: 0.46610093116760254
s_E: 1.2637945413589478
s_L: 0.9540649056434631
s_P: 1.3450753688812256
e_E: 0.8713104724884033
e_L: 1.1020925045013428
e_P: 0.19242016971111298
